21-5-11 08:20:33.3|Debug|Parser|Parsing string 'Joanna - Sérotonine '
21-5-11 08:20:33.4|Debug|Parser|Unable to parse Joanna - Sérotonine 
21-5-11 08:20:33.4|Debug|ParsingService|No matching series Joanna - Sérotonine 
21-5-11 08:20:33.4|Debug|DownloadDecisionMaker|Processing release 'So La Lune - Satellite naturel ' from 'OxTorrent'
21-5-11 08:20:33.4|Debug|Parser|Parsing string 'So La Lune - Satellite naturel '
21-5-11 08:20:33.4|Debug|Parser|Unable to parse So La Lune - Satellite naturel 
21-5-11 08:20:33.4|Debug|Parser|Parsing string 'So La Lune - Satellite naturel '
21-5-11 08:20:33.4|Debug|Parser|Unable to parse So La Lune - Satellite naturel 
21-5-11 08:20:33.4|Debug|ParsingService|No matching series So La Lune - Satellite naturel 
21-5-11 08:20:33.4|Debug|DownloadDecisionMaker|Processing release 'Keen' V - Rêver ' from 'OxTorrent'
21-5-11 08:20:33.4|Debug|Parser|Parsing string 'Keen' V - Rêver '
21-5-11 08:20:33.5|Debug|Parser|Unable to parse Keen' V - Rêver 
21-5-11 08:20:33.5|Debug|Parser|Parsing string 'Keen' V - Rêver '
21-5-11 08:20:33.5|Debug|Parser|Unable to parse Keen' V - Rêver 
21-5-11 08:20:33.5|Debug|ParsingService|No matching series Keen' V - Rêver 
21-5-11 08:20:33.5|Debug|DownloadDecisionMaker|Processing release 'Georgio - Sacré ' from 'OxTorrent'
21-5-11 08:20:33.5|Debug|Parser|Parsing string 'Georgio - Sacré '
21-5-11 08:20:33.5|Debug|Parser|Unable to parse Georgio - Sacré 
21-5-11 08:20:33.5|Debug|Parser|Parsing string 'Georgio - Sacré '
21-5-11 08:20:33.5|Debug|Parser|Unable to parse Georgio - Sacré 
21-5-11 08:20:33.5|Debug|ParsingService|No matching series Georgio - Sacré 
21-5-11 08:20:33.5|Debug|DownloadDecisionMaker|Processing release '7 Jaws - Je vois les couleurs ' from 'OxTorrent'
21-5-11 08:20:33.5|Debug|Parser|Parsing string '7 Jaws - Je vois les couleurs '
21-5-11 08:20:33.5|Debug|Parser|Unable to parse 7 Jaws - Je vois les couleurs 
21-5-11 08:20:33.5|Debug|Parser|Parsing string '7 Jaws - Je vois les couleurs '
21-5-11 08:20:33.5|Debug|Parser|Unable to parse 7 Jaws - Je vois les couleurs 
21-5-11 08:20:33.5|Debug|ParsingService|No matching series 7 Jaws - Je vois les couleurs 
21-5-11 08:20:33.5|Debug|DownloadDecisionMaker|Processing release 'Bakari - Sur écoute Saison 1 - ' from 'OxTorrent'
21-5-11 08:20:33.5|Debug|Parser|Parsing string 'Bakari - Sur écoute Saison 1 - '
21-5-11 08:20:33.5|Debug|Parser|Episode Parsed. Bakari - Sur écoute - Season 01 
21-5-11 08:20:33.5|Debug|Parser|Language parsed: English
21-5-11 08:20:33.5|Debug|QualityParser|Trying to parse quality for Bakari - Sur écoute Saison 1 - 
21-5-11 08:20:33.5|Debug|Parser|Quality parsed: Unknown v1
21-5-11 08:20:33.5|Debug|Parser|Release Group parsed: 
21-5-11 08:20:33.5|Debug|ParsingService|No matching series Bakari - Sur écoute
21-5-11 08:20:33.5|Debug|DownloadDecisionMaker|Release rejected for the following reasons: [Permanent] Unknown Series
21-5-11 08:20:33.5|Debug|DownloadDecisionMaker|Processing release 'Jewel Usain - Mode Difficile ' from 'OxTorrent'
21-5-11 08:20:33.5|Debug|Parser|Parsing string 'Jewel Usain - Mode Difficile '
21-5-11 08:20:33.5|Debug|Parser|Unable to parse Jewel Usain - Mode Difficile 
21-5-11 08:20:33.5|Debug|Parser|Parsing string 'Jewel Usain - Mode Difficile '
21-5-11 08:20:33.5|Debug|Parser|Unable to parse Jewel Usain - Mode Difficile 
21-5-11 08:20:33.5|Debug|ParsingService|No matching series Jewel Usain - Mode Difficile 
21-5-11 08:20:33.6|Debug|DownloadDecisionMaker|Processing release '100 Greatest Duets Of All Time ' from 'OxTorrent'
21-5-11 08:20:33.6|Debug|Parser|Parsing string '100 Greatest Duets Of All Time '
21-5-11 08:20:33.6|Debug|Parser|Unable to parse 100 Greatest Duets Of All Time 
21-5-11 08:20:33.6|Debug|Parser|Parsing string '100 Greatest Duets Of All Time '
21-5-11 08:20:33.6|Debug|Parser|Unable to parse 100 Greatest Duets Of All Time 
21-5-11 08:20:33.6|Debug|ParsingService|No matching series 100 Greatest Duets Of All Time 
21-5-11 08:20:33.6|Debug|DownloadDecisionMaker|Processing release 'Sadek - Aimons-Nous Vivants ' from 'OxTorrent'
21-5-11 08:20:33.6|Debug|Parser|Parsing string 'Sadek - Aimons-Nous Vivants '
21-5-11 08:20:33.6|Debug|Parser|Unable to parse Sadek - Aimons-Nous Vivants 
21-5-11 08:20:33.6|Debug|Parser|Parsing string 'Sadek - Aimons-Nous Vivants '
21-5-11 08:20:33.6|Debug|Parser|Unable to parse Sadek - Aimons-Nous Vivants 
21-5-11 08:20:33.6|Debug|ParsingService|No matching series Sadek - Aimons-Nous Vivants 
21-5-11 08:20:33.6|Debug|DownloadDecisionMaker|Processing release 'SDM - OCHO ' from 'OxTorrent'
21-5-11 08:20:33.6|Debug|Parser|Parsing string 'SDM - OCHO '
21-5-11 08:20:33.6|Debug|Parser|Unable to parse SDM - OCHO 
21-5-11 08:20:33.6|Debug|Parser|Parsing string 'SDM - OCHO '
21-5-11 08:20:33.6|Debug|Parser|Unable to parse SDM - OCHO 
21-5-11 08:20:33.6|Debug|ParsingService|No matching series SDM - OCHO 
21-5-11 08:20:33.6|Debug|DownloadDecisionMaker|Processing release 'Nesly - Kezu ' from 'OxTorrent'
21-5-11 08:20:33.6|Debug|Parser|Parsing string 'Nesly - Kezu '
21-5-11 08:20:33.6|Debug|Parser|Unable to parse Nesly - Kezu 
21-5-11 08:20:33.6|Debug|Parser|Parsing string 'Nesly - Kezu '
21-5-11 08:20:33.6|Debug|Parser|Unable to parse Nesly - Kezu 
21-5-11 08:20:33.6|Debug|ParsingService|No matching series Nesly - Kezu 
21-5-11 08:20:33.6|Debug|DownloadDecisionMaker|Processing release 'ASHE 22 - Ashe Tape, Vol. 3 - ' from 'OxTorrent'
21-5-11 08:20:33.6|Debug|Parser|Parsing string 'ASHE 22 - Ashe Tape, Vol. 3 - '
21-5-11 08:20:33.6|Debug|Parser|Episode Parsed. ASHE - 022 
21-5-11 08:20:33.6|Debug|Parser|Language parsed: English
21-5-11 08:20:33.6|Debug|QualityParser|Trying to parse quality for ASHE 22 - Ashe Tape, Vol. 3 - 
21-5-11 08:20:33.6|Debug|Parser|Quality parsed: Unknown v1
21-5-11 08:20:33.6|Debug|Parser|Release Group parsed: 
21-5-11 08:20:33.6|Debug|ParsingService|No matching series ASHE
21-5-11 08:20:33.6|Debug|DownloadDecisionMaker|Release rejected for the following reasons: [Permanent] Unknown Series
21-5-11 08:20:33.6|Debug|DownloadDecisionMaker|Processing release 'Le Monde du 29 Avril ' from 'OxTorrent'
21-5-11 08:20:33.6|Debug|Parser|Parsing string 'Le Monde du 29 Avril '
21-5-11 08:20:33.6|Debug|Parser|Episode Parsed. Le Monde du - 029 
21-5-11 08:20:33.6|Debug|Parser|Language parsed: English
21-5-11 08:20:33.7|Debug|QualityParser|Trying to parse quality for Le Monde du 29 Avril 
21-5-11 08:20:33.7|Debug|Parser|Quality parsed: Unknown v1
21-5-11 08:20:33.7|Debug|Parser|Release Group parsed: 
21-5-11 08:20:33.7|Debug|ParsingService|No matching series Le Monde du
21-5-11 08:20:33.7|Debug|DownloadDecisionMaker|Release rejected for the following reasons: [Permanent] Unknown Series
21-5-11 08:20:33.7|Debug|DownloadDecisionMaker|Processing release 'Pack Journaux du 28 Avril ' from 'OxTorrent'
21-5-11 08:20:33.7|Debug|Parser|Parsing string 'Pack Journaux du 28 Avril '
21-5-11 08:20:33.7|Debug|Parser|Episode Parsed. Pack Journaux du - 028 
21-5-11 08:20:33.7|Debug|Parser|Language parsed: English
21-5-11 08:20:33.7|Debug|QualityParser|Trying to parse quality for Pack Journaux du 28 Avril 
21-5-11 08:20:33.7|Debug|Parser|Quality parsed: Unknown v1
21-5-11 08:20:33.7|Debug|Parser|Release Group parsed: 
21-5-11 08:20:33.7|Debug|ParsingService|No matching series Pack Journaux du
21-5-11 08:20:33.7|Debug|DownloadDecisionMaker|Release rejected for the following reasons: [Permanent] Unknown Series
21-5-11 08:20:33.7|Debug|DownloadDecisionMaker|Processing release 'Geo France - Mai ' from 'OxTorrent'
21-5-11 08:20:33.7|Debug|Parser|Parsing string 'Geo France - Mai '
21-5-11 08:20:33.7|Debug|Parser|Unable to parse Geo France - Mai 
21-5-11 08:20:33.7|Debug|Parser|Parsing string 'Geo France - Mai '
21-5-11 08:20:33.7|Debug|Parser|Unable to parse Geo France - Mai 
21-5-11 08:20:33.7|Debug|ParsingService|No matching series Geo France - Mai 
21-5-11 08:20:33.7|Debug|DownloadDecisionMaker|Processing release 'Le Monde Diplomatique N 806 - Mai ' from 'OxTorrent'
21-5-11 08:20:33.7|Debug|Parser|Parsing string 'Le Monde Diplomatique N 806 - Mai '
21-5-11 08:20:33.7|Debug|Parser|Episode Parsed. Le Monde Diplomatique N - 806 
21-5-11 08:20:33.7|Debug|Parser|Language parsed: English
21-5-11 08:20:33.7|Debug|QualityParser|Trying to parse quality for Le Monde Diplomatique N 806 - Mai 
21-5-11 08:20:33.7|Debug|Parser|Quality parsed: Unknown v1
21-5-11 08:20:33.7|Debug|Parser|Release Group parsed: 
21-5-11 08:20:33.7|Debug|ParsingService|No matching series Le Monde Diplomatique N
21-5-11 08:20:33.7|Debug|DownloadDecisionMaker|Release rejected for the following reasons: [Permanent] Unknown Series
21-5-11 08:20:33.7|Debug|DownloadDecisionMaker|Processing release 'Charlie Hebdo N°1501 du 28 avril ' from 'OxTorrent'
21-5-11 08:20:33.7|Debug|Parser|Parsing string 'Charlie Hebdo N°1501 du 28 avril '
21-5-11 08:20:33.7|Debug|Parser|Episode Parsed. Charlie Hebdo N° - S15E01 
21-5-11 08:20:33.7|Debug|Parser|Language parsed: English
21-5-11 08:20:33.7|Debug|QualityParser|Trying to parse quality for Charlie Hebdo N°1501 du 28 avril 
21-5-11 08:20:33.7|Debug|Parser|Quality parsed: Unknown v1
21-5-11 08:20:33.7|Debug|Parser|Release Group parsed: 
21-5-11 08:20:33.7|Debug|ParsingService|No matching series Charlie Hebdo N°
21-5-11 08:20:33.8|Debug|DownloadDecisionMaker|Release rejected for the following reasons: [Permanent] Unknown Series
21-5-11 08:20:33.8|Debug|DownloadDecisionMaker|Processing release 'L’equipe du 28 Avril ' from 'OxTorrent'
21-5-11 08:20:33.8|Debug|Parser|Parsing string 'L’equipe du 28 Avril '
21-5-11 08:20:33.8|Debug|Parser|Episode Parsed. L’equipe du - 028 
21-5-11 08:20:33.8|Debug|Parser|Language parsed: English
21-5-11 08:20:33.8|Debug|QualityParser|Trying to parse quality for L’equipe du 28 Avril 
21-5-11 08:20:33.8|Debug|Parser|Quality parsed: Unknown v1
21-5-11 08:20:33.8|Debug|Parser|Release Group parsed: 
21-5-11 08:20:33.8|Debug|ParsingService|No matching series L’equipe du
21-5-11 08:20:33.8|Debug|DownloadDecisionMaker|Release rejected for the following reasons: [Permanent] Unknown Series
21-5-11 08:20:33.8|Debug|DownloadDecisionMaker|Processing release 'Histoire Magazine - Avril-Juin ' from 'OxTorrent'
21-5-11 08:20:33.8|Debug|Parser|Parsing string 'Histoire Magazine - Avril-Juin '
21-5-11 08:20:33.8|Debug|Parser|Unable to parse Histoire Magazine - Avril-Juin 
21-5-11 08:20:33.8|Debug|Parser|Parsing string 'Histoire Magazine - Avril-Juin '
21-5-11 08:20:33.8|Debug|Parser|Unable to parse Histoire Magazine - Avril-Juin 
21-5-11 08:20:33.8|Debug|ParsingService|No matching series Histoire Magazine - Avril-Juin 
21-5-11 08:20:33.8|Debug|DownloadDecisionMaker|Processing release 'Le Monde du 13 Avril ' from 'OxTorrent'
21-5-11 08:20:33.8|Debug|Parser|Parsing string 'Le Monde du 13 Avril '
21-5-11 08:20:33.8|Debug|Parser|Episode Parsed. Le Monde du - 013 
21-5-11 08:20:33.8|Debug|Parser|Language parsed: English
21-5-11 08:20:33.8|Debug|QualityParser|Trying to parse quality for Le Monde du 13 Avril 
21-5-11 08:20:33.8|Debug|Parser|Quality parsed: Unknown v1
21-5-11 08:20:33.8|Debug|Parser|Release Group parsed: 
21-5-11 08:20:33.9|Debug|ParsingService|No matching series Le Monde du
21-5-11 08:20:33.9|Debug|DownloadDecisionMaker|Release rejected for the following reasons: [Permanent] Unknown Series
21-5-11 08:20:33.9|Debug|DownloadDecisionMaker|Processing release 'L’equipe du 12 Avril ' from 'OxTorrent'
21-5-11 08:20:33.9|Debug|Parser|Parsing string 'L’equipe du 12 Avril '
21-5-11 08:20:33.9|Debug|Parser|Episode Parsed. L’equipe du - 012 
21-5-11 08:20:33.9|Debug|Parser|Language parsed: English
21-5-11 08:20:33.9|Debug|QualityParser|Trying to parse quality for L’equipe du 12 Avril 
21-5-11 08:20:33.9|Debug|Parser|Quality parsed: Unknown v1
21-5-11 08:20:33.9|Debug|Parser|Release Group parsed: 
21-5-11 08:20:33.9|Debug|ParsingService|No matching series L’equipe du
21-5-11 08:20:33.9|Debug|DownloadDecisionMaker|Release rejected for the following reasons: [Permanent] Unknown Series
21-5-11 08:20:33.9|Debug|DownloadDecisionMaker|Processing release 'Le Monde du 06 Avril ' from 'OxTorrent'
21-5-11 08:20:33.9|Debug|Parser|Parsing string 'Le Monde du 06 Avril '
21-5-11 08:20:33.9|Debug|Parser|Episode Parsed. Le Monde du - 006 
21-5-11 08:20:33.9|Debug|Parser|Language parsed: English
21-5-11 08:20:33.9|Debug|QualityParser|Trying to parse quality for Le Monde du 06 Avril 
21-5-11 08:20:33.9|Debug|Parser|Quality parsed: Unknown v1
21-5-11 08:20:33.9|Debug|Parser|Release Group parsed: 
21-5-11 08:20:33.9|Debug|ParsingService|No matching series Le Monde du
21-5-11 08:20:33.9|Debug|DownloadDecisionMaker|Release rejected for the following reasons: [Permanent] Unknown Series
21-5-11 08:20:33.9|Debug|DownloadDecisionMaker|Processing release 'Pack Journaux du 05 Avril ' from 'OxTorrent'
21-5-11 08:20:33.9|Debug|Parser|Parsing string 'Pack Journaux du 05 Avril '
21-5-11 08:20:34.0|Debug|Parser|Episode Parsed. Pack Journaux du - 005 
21-5-11 08:20:34.0|Debug|Parser|Language parsed: English
21-5-11 08:20:34.0|Debug|QualityParser|Trying to parse quality for Pack Journaux du 05 Avril 
21-5-11 08:20:34.0|Debug|Parser|Quality parsed: Unknown v1
21-5-11 08:20:34.0|Debug|Parser|Release Group parsed: 
21-5-11 08:20:34.0|Debug|ParsingService|No matching series Pack Journaux du
21-5-11 08:20:34.0|Debug|DownloadDecisionMaker|Release rejected for the following reasons: [Permanent] Unknown Series
21-5-11 08:20:34.0|Debug|DownloadDecisionMaker|Processing release 'L’equipe du 05 Avril ' from 'OxTorrent'
21-5-11 08:20:34.0|Debug|Parser|Parsing string 'L’equipe du 05 Avril '
21-5-11 08:20:34.0|Debug|Parser|Episode Parsed. L’equipe du - 005 
21-5-11 08:20:34.0|Debug|Parser|Language parsed: English
21-5-11 08:20:34.0|Debug|QualityParser|Trying to parse quality for L’equipe du 05 Avril 
21-5-11 08:20:34.0|Debug|Parser|Quality parsed: Unknown v1
21-5-11 08:20:34.0|Debug|Parser|Release Group parsed: 
21-5-11 08:20:34.0|Debug|ParsingService|No matching series L’equipe du
21-5-11 08:20:34.0|Debug|DownloadDecisionMaker|Release rejected for the following reasons: [Permanent] Unknown Series
21-5-11 08:20:34.0|Debug|DownloadDecisionMaker|Processing release 'Raya et le dernier dragon 2021 TRUEFRENCH DVDRIP ' from 'gktorrent'
21-5-11 08:20:34.0|Debug|Parser|Parsing string 'Raya et le dernier dragon 2021 TRUEFRENCH DVDRIP '
21-5-11 08:20:34.0|Debug|Parser|Episode Parsed. Raya et le dernier dragon - S20E21 
21-5-11 08:20:34.0|Debug|Parser|Language parsed: French
21-5-11 08:20:34.0|Debug|QualityParser|Trying to parse quality for Raya et le dernier dragon 2021 TRUEFRENCH DVDRIP 
21-5-11 08:20:34.0|Debug|Parser|Quality parsed: DVD v1
21-5-11 08:20:34.0|Debug|Parser|Release Group parsed: 
21-5-11 08:20:34.0|Debug|ParsingService|No matching series Raya et le dernier dragon
21-5-11 08:20:34.0|Debug|DownloadDecisionMaker|Release rejected for the following reasons: [Permanent] Unknown Series
21-5-11 08:20:34.1|Debug|DownloadDecisionMaker|Processing release 'Raya et le dernier dragon 2021 TRUEFRENCH BluRay 1080p ' from 'gktorrent'
21-5-11 08:20:34.1|Debug|Parser|Parsing string 'Raya et le dernier dragon 2021 TRUEFRENCH BluRay 1080p '
21-5-11 08:20:34.1|Debug|Parser|Episode Parsed. Raya et le dernier dragon - S20E21 
21-5-11 08:20:34.1|Debug|Parser|Language parsed: French
21-5-11 08:20:34.1|Debug|QualityParser|Trying to parse quality for Raya et le dernier dragon 2021 TRUEFRENCH BluRay 1080p 
21-5-11 08:20:34.1|Debug|Parser|Quality parsed: Bluray-1080p v1
21-5-11 08:20:34.1|Debug|Parser|Release Group parsed: 
21-5-11 08:20:34.1|Debug|ParsingService|No matching series Raya et le dernier dragon
21-5-11 08:20:34.1|Debug|DownloadDecisionMaker|Release rejected for the following reasons: [Permanent] Unknown Series
21-5-11 08:20:34.1|Debug|DownloadDecisionMaker|Processing release 'Raya et le dernier dragon 2021 TRUEFRENCH BluRay 720p ' from 'gktorrent'
21-5-11 08:20:34.1|Debug|Parser|Parsing string 'Raya et le dernier dragon 2021 TRUEFRENCH BluRay 720p '
21-5-11 08:20:34.1|Debug|Parser|Episode Parsed. Raya et le dernier dragon - S20E21 
21-5-11 08:20:34.1|Debug|Parser|Language parsed: French
21-5-11 08:20:34.1|Debug|QualityParser|Trying to parse quality for Raya et le dernier dragon 2021 TRUEFRENCH BluRay 720p 
21-5-11 08:20:34.1|Debug|Parser|Quality parsed: Bluray-720p v1
21-5-11 08:20:34.1|Debug|Parser|Release Group parsed: 
21-5-11 08:20:34.1|Debug|ParsingService|No matching series Raya et le dernier dragon
21-5-11 08:20:34.1|Debug|DownloadDecisionMaker|Release rejected for the following reasons: [Permanent] Unknown Series
21-5-11 08:20:34.1|Debug|DownloadDecisionMaker|Processing release 'Shadow in the Cloud 2021 MULTI 4K ULTRA HD x265 ' from 'gktorrent'
21-5-11 08:20:34.1|Debug|Parser|Parsing string 'Shadow in the Cloud 2021 MULTI 4K ULTRA HD x265 '
21-5-11 08:20:34.1|Debug|Parser|Episode Parsed. Shadow in the Cloud - S20E21 
21-5-11 08:20:34.1|Debug|Parser|Language parsed: English
21-5-11 08:20:34.1|Debug|QualityParser|Trying to parse quality for Shadow in the Cloud 2021 MULTI 4K ULTRA HD x265 
21-5-11 08:20:34.1|Debug|Parser|Quality parsed: Unknown v1
21-5-11 08:20:34.1|Debug|Parser|Release Group parsed: 
21-5-11 08:20:34.1|Debug|ParsingService|No matching series Shadow in the Cloud
21-5-11 08:20:34.1|Debug|DownloadDecisionMaker|Release rejected for the following reasons: [Permanent] Unknown Series
21-5-11 08:20:34.1|Debug|DownloadDecisionMaker|Processing release 'Justice Society: World War II 2021 MULTI 4K ULTRA HD x265 ' from 'gktorrent'
21-5-11 08:20:34.1|Debug|Parser|Parsing string 'Justice Society: World War II 2021 MULTI 4K ULTRA HD x265 '
21-5-11 08:20:34.1|Debug|Parser|Episode Parsed. Justice Society: World War II - S20E21 
21-5-11 08:20:34.1|Debug|Parser|Language parsed: English
21-5-11 08:20:34.1|Debug|QualityParser|Trying to parse quality for Justice Society: World War II 2021 MULTI 4K ULTRA HD x265 
21-5-11 08:20:34.1|Debug|Parser|Quality parsed: Unknown v1
21-5-11 08:20:34.1|Debug|Parser|Release Group parsed: 
21-5-11 08:20:34.1|Debug|ParsingService|No matching series Justice Society: World War II
21-5-11 08:20:34.1|Debug|DownloadDecisionMaker|Release rejected for the following reasons: [Permanent] Unknown Series
21-5-11 08:20:34.1|Debug|DownloadDecisionMaker|Processing release 'Castle Freak 2021 VOSTFR HDLight 1080p ' from 'gktorrent'
21-5-11 08:20:34.2|Debug|Parser|Parsing string 'Castle Freak 2021 VOSTFR HDLight 1080p '
21-5-11 08:20:34.2|Debug|Parser|Episode Parsed. Castle Freak - S20E21 
21-5-11 08:20:34.2|Debug|Parser|Language parsed: English
21-5-11 08:20:34.2|Debug|QualityParser|Trying to parse quality for Castle Freak 2021 VOSTFR HDLight 1080p 
21-5-11 08:20:34.2|Debug|Parser|Quality parsed: HDTV-1080p v1
21-5-11 08:20:34.2|Debug|Parser|Release Group parsed: 
21-5-11 08:20:34.2|Debug|ParsingService|No matching series Castle Freak
21-5-11 08:20:34.2|Debug|DownloadDecisionMaker|Release rejected for the following reasons: [Permanent] Unknown Series
21-5-11 08:20:34.2|Debug|DownloadDecisionMaker|Processing release 'The Devil's Rejects 2021 FRENCH DVDRIP ' from 'gktorrent'
21-5-11 08:20:34.2|Debug|Parser|Parsing string 'The Devil's Rejects 2021 FRENCH DVDRIP '
21-5-11 08:20:34.2|Debug|Parser|Episode Parsed. The Devil's Rejects - S20E21 
21-5-11 08:20:34.2|Debug|Parser|Language parsed: French
21-5-11 08:20:34.2|Debug|QualityParser|Trying to parse quality for The Devil's Rejects 2021 FRENCH DVDRIP 
21-5-11 08:20:34.2|Debug|Parser|Quality parsed: DVD v1
21-5-11 08:20:34.2|Debug|Parser|Release Group parsed: 
21-5-11 08:20:34.2|Debug|ParsingService|No matching series The Devil's Rejects
21-5-11 08:20:34.2|Debug|DownloadDecisionMaker|Release rejected for the following reasons: [Permanent] Unknown Series
21-5-11 08:20:34.2|Debug|DownloadDecisionMaker|Processing release 'The Devil's Rejects 2021 FRENCH BluRay 1080p ' from 'gktorrent'
21-5-11 08:20:34.2|Debug|Parser|Parsing string 'The Devil's Rejects 2021 FRENCH BluRay 1080p '
21-5-11 08:20:34.2|Debug|Parser|Episode Parsed. The Devil's Rejects - S20E21 
21-5-11 08:20:34.2|Debug|Parser|Language parsed: French
21-5-11 08:20:34.2|Debug|QualityParser|Trying to parse quality for The Devil's Rejects 2021 FRENCH BluRay 1080p 
21-5-11 08:20:34.2|Debug|Parser|Quality parsed: Bluray-1080p v1
21-5-11 08:20:34.2|Debug|Parser|Release Group parsed: 
21-5-11 08:20:34.2|Debug|ParsingService|No matching series The Devil's Rejects
21-5-11 08:20:34.2|Debug|DownloadDecisionMaker|Release rejected for the following reasons: [Permanent] Unknown Series
21-5-11 08:20:34.2|Debug|DownloadDecisionMaker|Processing release 'The Devil's Rejects 2021 FRENCH BluRay 720p ' from 'gktorrent'
21-5-11 08:20:34.2|Debug|Parser|Parsing string 'The Devil's Rejects 2021 FRENCH BluRay 720p '
21-5-11 08:20:34.2|Debug|Parser|Episode Parsed. The Devil's Rejects - S20E21 
21-5-11 08:20:34.2|Debug|Parser|Language parsed: French
21-5-11 08:20:34.2|Debug|QualityParser|Trying to parse quality for The Devil's Rejects 2021 FRENCH BluRay 720p 
21-5-11 08:20:34.2|Debug|Parser|Quality parsed: Bluray-720p v1
21-5-11 08:20:34.2|Debug|Parser|Release Group parsed: 
21-5-11 08:20:34.2|Debug|ParsingService|No matching series The Devil's Rejects
21-5-11 08:20:34.2|Debug|DownloadDecisionMaker|Release rejected for the following reasons: [Permanent] Unknown Series
21-5-11 08:20:34.3|Debug|DownloadDecisionMaker|Processing release 'Girl 2021 FRENCH WEBRIP ' from 'gktorrent'
21-5-11 08:20:34.3|Debug|Parser|Parsing string 'Girl 2021 FRENCH WEBRIP '
21-5-11 08:20:34.3|Debug|Parser|Episode Parsed. Girl - S20E21 
21-5-11 08:20:34.3|Debug|Parser|Language parsed: French
21-5-11 08:20:34.3|Debug|QualityParser|Trying to parse quality for Girl 2021 FRENCH WEBRIP 
21-5-11 08:20:34.3|Debug|Parser|Quality parsed: WEBRip-480p v1
21-5-11 08:20:34.3|Debug|Parser|Release Group parsed: 
21-5-11 08:20:34.3|Debug|ParsingService|No matching series Girl
21-5-11 08:20:34.3|Debug|DownloadDecisionMaker|Release rejected for the following reasons: [Permanent] Unknown Series
21-5-11 08:20:34.3|Debug|DownloadDecisionMaker|Processing release 'Girl 2021 FRENCH WEBRIP 1080p ' from 'gktorrent'
21-5-11 08:20:34.3|Debug|Parser|Parsing string 'Girl 2021 FRENCH WEBRIP 1080p '
21-5-11 08:20:34.3|Debug|Parser|Episode Parsed. Girl - S20E21 
21-5-11 08:20:34.3|Debug|Parser|Language parsed: French
21-5-11 08:20:34.3|Debug|QualityParser|Trying to parse quality for Girl 2021 FRENCH WEBRIP 1080p 
21-5-11 08:20:34.3|Debug|Parser|Quality parsed: WEBRip-1080p v1
21-5-11 08:20:34.3|Debug|Parser|Release Group parsed: 
21-5-11 08:20:34.3|Debug|ParsingService|No matching series Girl
21-5-11 08:20:34.3|Debug|DownloadDecisionMaker|Release rejected for the following reasons: [Permanent] Unknown Series
21-5-11 08:20:34.3|Debug|DownloadDecisionMaker|Processing release 'Girl 2021 FRENCH WEBRIP 720p ' from 'gktorrent'
21-5-11 08:20:34.3|Debug|Parser|Parsing string 'Girl 2021 FRENCH WEBRIP 720p '
21-5-11 08:20:34.3|Debug|Parser|Episode Parsed. Girl - S20E21 
21-5-11 08:20:34.3|Debug|Parser|Language parsed: French
21-5-11 08:20:34.3|Debug|QualityParser|Trying to parse quality for Girl 2021 FRENCH WEBRIP 720p 
21-5-11 08:20:34.3|Debug|Parser|Quality parsed: WEBRip-720p v1
21-5-11 08:20:34.3|Debug|Parser|Release Group parsed: 
21-5-11 08:20:34.3|Debug|ParsingService|No matching series Girl
21-5-11 08:20:34.3|Debug|DownloadDecisionMaker|Release rejected for the following reasons: [Permanent] Unknown Series
21-5-11 08:20:34.3|Debug|DownloadDecisionMaker|Processing release 'Jupiter's Legacy Saison 1  FRENCH HDTV' from 'gktorrent'
21-5-11 08:20:34.3|Debug|Parser|Parsing string 'Jupiter's Legacy Saison 1  FRENCH HDTV'
21-5-11 08:20:34.3|Debug|Parser|Episode Parsed. Jupiter's Legacy - Season 01 
21-5-11 08:20:34.3|Debug|Parser|Language parsed: French
21-5-11 08:20:34.3|Debug|QualityParser|Trying to parse quality for Jupiter's Legacy Saison 1  FRENCH HDTV
21-5-11 08:20:34.3|Debug|Parser|Quality parsed: SDTV v1
21-5-11 08:20:34.3|Debug|Parser|Release Group parsed: 
21-5-11 08:20:34.3|Debug|ParsingService|No matching series Jupiter's Legacy
21-5-11 08:20:34.3|Debug|DownloadDecisionMaker|Release rejected for the following reasons: [Permanent] Unknown Series
21-5-11 08:20:34.3|Debug|DownloadDecisionMaker|Processing release 'Star Wars: The Bad Batch S01E02  FRENCH HDTV' from 'gktorrent'
21-5-11 08:20:34.3|Debug|Parser|Parsing string 'Star Wars: The Bad Batch S01E02  FRENCH HDTV'
21-5-11 08:20:34.3|Debug|Parser|Episode Parsed. Star Wars: The Bad Batch - S01E02 
21-5-11 08:20:34.3|Debug|Parser|Language parsed: French
21-5-11 08:20:34.3|Debug|QualityParser|Trying to parse quality for Star Wars: The Bad Batch S01E02  FRENCH HDTV
21-5-11 08:20:34.3|Debug|Parser|Quality parsed: SDTV v1
21-5-11 08:20:34.4|Debug|Parser|Release Group parsed: 
21-5-11 08:20:34.4|Debug|SceneMappingService|Found scene mapping for: Star Wars: The Bad Batch. TVDB ID for mapping: 385376
21-5-11 08:20:34.4|Debug|ParsingService|No matching series Star Wars: The Bad Batch
21-5-11 08:20:34.4|Debug|SceneMappingService|Found scene mapping for: Star Wars: The Bad Batch. TVDB ID for mapping: 385376
21-5-11 08:20:34.4|Debug|DownloadDecisionMaker|Release rejected for the following reasons: [Permanent] Star Wars: The Bad Batch matches an alias for series with TVDB ID: 385376
21-5-11 08:20:34.4|Debug|DownloadDecisionMaker|Processing release 'Big Shot S01E04  FRENCH HDTV' from 'gktorrent'
21-5-11 08:20:34.4|Debug|Parser|Parsing string 'Big Shot S01E04  FRENCH HDTV'
21-5-11 08:20:34.4|Debug|Parser|Episode Parsed. Big Shot - S01E04 
21-5-11 08:20:34.4|Debug|Parser|Language parsed: French
21-5-11 08:20:34.4|Debug|QualityParser|Trying to parse quality for Big Shot S01E04  FRENCH HDTV
21-5-11 08:20:34.4|Debug|Parser|Quality parsed: SDTV v1
21-5-11 08:20:34.4|Debug|Parser|Release Group parsed: 
21-5-11 08:20:34.4|Debug|ParsingService|No matching series Big Shot
21-5-11 08:20:34.4|Debug|DownloadDecisionMaker|Release rejected for the following reasons: [Permanent] Unknown Series
21-5-11 08:20:34.4|Debug|DownloadDecisionMaker|Processing release 'Les Petits Champions : Game Changers S01E07  FRENCH HDTV' from 'gktorrent'
21-5-11 08:20:34.4|Debug|Parser|Parsing string 'Les Petits Champions : Game Changers S01E07  FRENCH HDTV'
21-5-11 08:20:34.4|Debug|Parser|Episode Parsed. Les Petits Champions : Game Changers - S01E07 
21-5-11 08:20:34.4|Debug|Parser|Language parsed: French
21-5-11 08:20:34.4|Debug|QualityParser|Trying to parse quality for Les Petits Champions : Game Changers S01E07  FRENCH HDTV
21-5-11 08:20:34.4|Debug|Parser|Quality parsed: SDTV v1
21-5-11 08:20:34.4|Debug|Parser|Release Group parsed: 
21-5-11 08:20:34.4|Debug|ParsingService|No matching series Les Petits Champions : Game Changers
21-5-11 08:20:34.4|Debug|DownloadDecisionMaker|Release rejected for the following reasons: [Permanent] Unknown Series
21-5-11 08:20:34.4|Debug|DownloadDecisionMaker|Processing release 'NCIS : Enquêtes spéciales S18E13  VOSTFR HDTV' from 'gktorrent'
21-5-11 08:20:34.4|Debug|Parser|Parsing string 'NCIS : Enquêtes spéciales S18E13  VOSTFR HDTV'
21-5-11 08:20:34.4|Debug|Parser|Episode Parsed. NCIS : Enquêtes spéciales - S18E13 
21-5-11 08:20:34.4|Debug|Parser|Language parsed: English
21-5-11 08:20:34.4|Debug|QualityParser|Trying to parse quality for NCIS : Enquêtes spéciales S18E13  VOSTFR HDTV
21-5-11 08:20:34.4|Debug|Parser|Quality parsed: SDTV v1
21-5-11 08:20:34.4|Debug|Parser|Release Group parsed: 
21-5-11 08:20:34.4|Debug|SceneMappingService|Found scene mapping for: NCIS : Enquêtes spéciales. TVDB ID for mapping: 72108
21-5-11 08:20:34.4|Debug|ParsingService|No matching series NCIS : Enquêtes spéciales
21-5-11 08:20:34.4|Debug|SceneMappingService|Found scene mapping for: NCIS : Enquêtes spéciales. TVDB ID for mapping: 72108
21-5-11 08:20:34.4|Debug|DownloadDecisionMaker|Release rejected for the following reasons: [Permanent] NCIS : Enquêtes spéciales matches an alias for series with TVDB ID: 72108
21-5-11 08:20:34.4|Debug|DownloadDecisionMaker|Processing release 'Blacklist S08E16  VOSTFR HDTV' from 'gktorrent'
21-5-11 08:20:34.4|Debug|Parser|Parsing string 'Blacklist S08E16  VOSTFR HDTV'
21-5-11 08:20:34.4|Debug|Parser|Episode Parsed. Blacklist - S08E16 
21-5-11 08:20:34.4|Debug|Parser|Language parsed: English
21-5-11 08:20:34.4|Debug|QualityParser|Trying to parse quality for Blacklist S08E16  VOSTFR HDTV
21-5-11 08:20:34.4|Debug|Parser|Quality parsed: SDTV v1
21-5-11 08:20:34.4|Debug|Parser|Release Group parsed: 
21-5-11 08:20:34.4|Debug|ParsingService|No matching series Blacklist
21-5-11 08:20:34.4|Debug|DownloadDecisionMaker|Release rejected for the following reasons: [Permanent] Unknown Series
21-5-11 08:20:34.4|Debug|DownloadDecisionMaker|Processing release 'Fear The Walking Dead S06E12  FRENCH HDTV' from 'gktorrent'
21-5-11 08:20:34.4|Debug|Parser|Parsing string 'Fear The Walking Dead S06E12  FRENCH HDTV'
21-5-11 08:20:34.5|Debug|Parser|Episode Parsed. Fear The Walking Dead - S06E12 
21-5-11 08:20:34.5|Debug|Parser|Language parsed: French
21-5-11 08:20:34.5|Debug|QualityParser|Trying to parse quality for Fear The Walking Dead S06E12  FRENCH HDTV
21-5-11 08:20:34.5|Debug|Parser|Quality parsed: SDTV v1
21-5-11 08:20:34.5|Debug|Parser|Release Group parsed: 
21-5-11 08:20:34.5|Debug|ParsingService|No matching series Fear The Walking Dead
21-5-11 08:20:34.5|Debug|DownloadDecisionMaker|Release rejected for the following reasons: [Permanent] Unknown Series
21-5-11 08:20:34.5|Debug|DownloadDecisionMaker|Processing release 'Fear The Walking Dead S06E12  VOSTFR HDTV' from 'gktorrent'
21-5-11 08:20:34.5|Debug|Parser|Parsing string 'Fear The Walking Dead S06E12  VOSTFR HDTV'
21-5-11 08:20:34.5|Debug|Parser|Episode Parsed. Fear The Walking Dead - S06E12 
21-5-11 08:20:34.5|Debug|Parser|Language parsed: English
21-5-11 08:20:34.5|Debug|QualityParser|Trying to parse quality for Fear The Walking Dead S06E12  VOSTFR HDTV
21-5-11 08:20:34.5|Debug|Parser|Quality parsed: SDTV v1
21-5-11 08:20:34.5|Debug|Parser|Release Group parsed: 
21-5-11 08:20:34.5|Debug|ParsingService|No matching series Fear The Walking Dead
21-5-11 08:20:34.5|Debug|DownloadDecisionMaker|Release rejected for the following reasons: [Permanent] Unknown Series
21-5-11 08:20:34.5|Debug|DownloadDecisionMaker|Processing release 'Mare of Easttown S01E04  VOSTFR HDTV' from 'gktorrent'
21-5-11 08:20:34.5|Debug|Parser|Parsing string 'Mare of Easttown S01E04  VOSTFR HDTV'
21-5-11 08:20:34.5|Debug|Parser|Episode Parsed. Mare of Easttown - S01E04 
21-5-11 08:20:34.5|Debug|Parser|Language parsed: English
21-5-11 08:20:34.5|Debug|QualityParser|Trying to parse quality for Mare of Easttown S01E04  VOSTFR HDTV
21-5-11 08:20:34.5|Debug|Parser|Quality parsed: SDTV v1
21-5-11 08:20:34.5|Debug|Parser|Release Group parsed: 
21-5-11 08:20:34.5|Debug|SceneMappingService|Found scene mapping for: Mare of Easttown. TVDB ID for mapping: 370112
21-5-11 08:20:34.5|Debug|ParsingService|No matching series Mare of Easttown
21-5-11 08:20:34.5|Debug|SceneMappingService|Found scene mapping for: Mare of Easttown. TVDB ID for mapping: 370112
21-5-11 08:20:34.5|Debug|DownloadDecisionMaker|Release rejected for the following reasons: [Permanent] Mare of Easttown matches an alias for series with TVDB ID: 370112
21-5-11 08:20:34.5|Debug|DownloadDecisionMaker|Processing release 'The Nevers S01E05  VOSTFR HDTV' from 'gktorrent'
21-5-11 08:20:34.5|Debug|Parser|Parsing string 'The Nevers S01E05  VOSTFR HDTV'
21-5-11 08:20:34.5|Debug|Parser|Episode Parsed. The Nevers - S01E05 
21-5-11 08:20:34.5|Debug|Parser|Language parsed: English
21-5-11 08:20:34.5|Debug|QualityParser|Trying to parse quality for The Nevers S01E05  VOSTFR HDTV
21-5-11 08:20:34.5|Debug|Parser|Quality parsed: SDTV v1
21-5-11 08:20:34.5|Debug|Parser|Release Group parsed: 
21-5-11 08:20:34.5|Debug|ParsingService|No matching series The Nevers
21-5-11 08:20:34.5|Debug|DownloadDecisionMaker|Release rejected for the following reasons: [Permanent] Unknown Series
21-5-11 08:20:34.5|Debug|DownloadDecisionMaker|Processing release 'Intergalactic S01E03  VOSTFR HDTV' from 'gktorrent'
21-5-11 08:20:34.5|Debug|Parser|Parsing string 'Intergalactic S01E03  VOSTFR HDTV'
21-5-11 08:20:34.5|Debug|Parser|Episode Parsed. Intergalactic - S01E03 
21-5-11 08:20:34.5|Debug|Parser|Language parsed: English
21-5-11 08:20:34.5|Debug|QualityParser|Trying to parse quality for Intergalactic S01E03  VOSTFR HDTV
21-5-11 08:20:34.5|Debug|Parser|Quality parsed: SDTV v1
21-5-11 08:20:34.5|Debug|Parser|Release Group parsed: 
21-5-11 08:20:34.5|Debug|ParsingService|No matching series Intergalactic
21-5-11 08:20:34.5|Debug|DownloadDecisionMaker|Release rejected for the following reasons: [Permanent] Unknown Series
21-5-11 08:20:34.6|Debug|DownloadDecisionMaker|Processing release 'Dynastie S04E01  VOSTFR HDTV' from 'gktorrent'
21-5-11 08:20:34.6|Debug|Parser|Parsing string 'Dynastie S04E01  VOSTFR HDTV'
21-5-11 08:20:34.6|Debug|Parser|Episode Parsed. Dynastie - S04E01 
21-5-11 08:20:34.6|Debug|Parser|Language parsed: English
21-5-11 08:20:34.6|Debug|QualityParser|Trying to parse quality for Dynastie S04E01  VOSTFR HDTV
21-5-11 08:20:34.6|Debug|Parser|Quality parsed: SDTV v1
21-5-11 08:20:34.6|Debug|Parser|Release Group parsed: 
21-5-11 08:20:34.6|Debug|ParsingService|No matching series Dynastie
21-5-11 08:20:34.6|Debug|DownloadDecisionMaker|Release rejected for the following reasons: [Permanent] Unknown Series
21-5-11 08:20:34.6|Debug|DownloadDecisionMaker|Processing release 'Joanna - Sérotonine ' from 'gktorrent'
21-5-11 08:20:34.6|Debug|Parser|Parsing string 'Joanna - Sérotonine '
21-5-11 08:20:34.6|Debug|Parser|Unable to parse Joanna - Sérotonine 
21-5-11 08:20:34.6|Debug|Parser|Parsing string 'Joanna - Sérotonine '
21-5-11 08:20:34.6|Debug|Parser|Unable to parse Joanna - Sérotonine 
21-5-11 08:20:34.6|Debug|ParsingService|No matching series Joanna - Sérotonine 
21-5-11 08:20:34.6|Debug|DownloadDecisionMaker|Processing release 'So La Lune - Satellite naturel ' from 'gktorrent'
21-5-11 08:20:34.6|Debug|Parser|Parsing string 'So La Lune - Satellite naturel '
21-5-11 08:20:34.6|Debug|Parser|Unable to parse So La Lune - Satellite naturel 
21-5-11 08:20:34.6|Debug|Parser|Parsing string 'So La Lune - Satellite naturel '
21-5-11 08:20:34.6|Debug|Parser|Unable to parse So La Lune - Satellite naturel 
21-5-11 08:20:34.6|Debug|ParsingService|No matching series So La Lune - Satellite naturel 
21-5-11 08:20:34.6|Debug|DownloadDecisionMaker|Processing release 'Keen' V - Rêver ' from 'gktorrent'
21-5-11 08:20:34.6|Debug|Parser|Parsing string 'Keen' V - Rêver '
21-5-11 08:20:34.6|Debug|Parser|Unable to parse Keen' V - Rêver 
21-5-11 08:20:34.6|Debug|Parser|Parsing string 'Keen' V - Rêver '
21-5-11 08:20:34.6|Debug|Parser|Unable to parse Keen' V - Rêver 
21-5-11 08:20:34.6|Debug|ParsingService|No matching series Keen' V - Rêver 
21-5-11 08:20:34.6|Debug|DownloadDecisionMaker|Processing release 'Georgio - Sacré ' from 'gktorrent'
21-5-11 08:20:34.6|Debug|Parser|Parsing string 'Georgio - Sacré '
21-5-11 08:20:34.6|Debug|Parser|Unable to parse Georgio - Sacré 
21-5-11 08:20:34.6|Debug|Parser|Parsing string 'Georgio - Sacré '
21-5-11 08:20:34.6|Debug|Parser|Unable to parse Georgio - Sacré 
21-5-11 08:20:34.6|Debug|ParsingService|No matching series Georgio - Sacré 
21-5-11 08:20:34.6|Debug|DownloadDecisionMaker|Processing release '7 Jaws - Je vois les couleurs ' from 'gktorrent'
21-5-11 08:20:34.6|Debug|Parser|Parsing string '7 Jaws - Je vois les couleurs '
21-5-11 08:20:34.6|Debug|Parser|Unable to parse 7 Jaws - Je vois les couleurs 
21-5-11 08:20:34.6|Debug|Parser|Parsing string '7 Jaws - Je vois les couleurs '
21-5-11 08:20:34.6|Debug|Parser|Unable to parse 7 Jaws - Je vois les couleurs 
21-5-11 08:20:34.6|Debug|ParsingService|No matching series 7 Jaws - Je vois les couleurs 
21-5-11 08:20:34.6|Debug|DownloadDecisionMaker|Processing release 'Bakari - Sur écoute Saison 1 - ' from 'gktorrent'
21-5-11 08:20:34.6|Debug|Parser|Parsing string 'Bakari - Sur écoute Saison 1 - '
21-5-11 08:20:34.7|Debug|Parser|Episode Parsed. Bakari - Sur écoute - Season 01 
21-5-11 08:20:34.7|Debug|Parser|Language parsed: English
21-5-11 08:20:34.7|Debug|QualityParser|Trying to parse quality for Bakari - Sur écoute Saison 1 - 
21-5-11 08:20:34.7|Debug|Parser|Quality parsed: Unknown v1
21-5-11 08:20:34.7|Debug|Parser|Release Group parsed: 
21-5-11 08:20:34.7|Debug|ParsingService|No matching series Bakari - Sur écoute
21-5-11 08:20:34.7|Debug|DownloadDecisionMaker|Release rejected for the following reasons: [Permanent] Unknown Series
21-5-11 08:20:34.7|Debug|DownloadDecisionMaker|Processing release 'Jewel Usain - Mode Difficile ' from 'gktorrent'
21-5-11 08:20:34.7|Debug|Parser|Parsing string 'Jewel Usain - Mode Difficile '
21-5-11 08:20:34.7|Debug|Parser|Unable to parse Jewel Usain - Mode Difficile 
21-5-11 08:20:34.7|Debug|Parser|Parsing string 'Jewel Usain - Mode Difficile '
21-5-11 08:20:34.7|Debug|Parser|Unable to parse Jewel Usain - Mode Difficile 
21-5-11 08:20:34.7|Debug|ParsingService|No matching series Jewel Usain - Mode Difficile 
21-5-11 08:20:34.7|Debug|DownloadDecisionMaker|Processing release '100 Greatest Duets Of All Time ' from 'gktorrent'
21-5-11 08:20:34.7|Debug|Parser|Parsing string '100 Greatest Duets Of All Time '
21-5-11 08:20:34.7|Debug|Parser|Unable to parse 100 Greatest Duets Of All Time 
21-5-11 08:20:34.7|Debug|Parser|Parsing string '100 Greatest Duets Of All Time '
21-5-11 08:20:34.7|Debug|Parser|Unable to parse 100 Greatest Duets Of All Time 
21-5-11 08:20:34.7|Debug|ParsingService|No matching series 100 Greatest Duets Of All Time 
21-5-11 08:20:34.7|Debug|DownloadDecisionMaker|Processing release 'Sadek - Aimons-Nous Vivants ' from 'gktorrent'
21-5-11 08:20:34.7|Debug|Parser|Parsing string 'Sadek - Aimons-Nous Vivants '
21-5-11 08:20:34.7|Debug|Parser|Unable to parse Sadek - Aimons-Nous Vivants 
21-5-11 08:20:34.7|Debug|Parser|Parsing string 'Sadek - Aimons-Nous Vivants '
21-5-11 08:20:34.7|Debug|Parser|Unable to parse Sadek - Aimons-Nous Vivants 
21-5-11 08:20:34.7|Debug|ParsingService|No matching series Sadek - Aimons-Nous Vivants 
21-5-11 08:20:34.7|Debug|DownloadDecisionMaker|Processing release 'SDM - OCHO ' from 'gktorrent'
21-5-11 08:20:34.7|Debug|Parser|Parsing string 'SDM - OCHO '
21-5-11 08:20:34.7|Debug|Parser|Unable to parse SDM - OCHO 
21-5-11 08:20:34.7|Debug|Parser|Parsing string 'SDM - OCHO '
21-5-11 08:20:34.7|Debug|Parser|Unable to parse SDM - OCHO 
21-5-11 08:20:34.7|Debug|ParsingService|No matching series SDM - OCHO 
21-5-11 08:20:34.7|Debug|DownloadDecisionMaker|Processing release 'Nesly - Kezu ' from 'gktorrent'
21-5-11 08:20:34.7|Debug|Parser|Parsing string 'Nesly - Kezu '
21-5-11 08:20:34.7|Debug|Parser|Unable to parse Nesly - Kezu 
21-5-11 08:20:34.7|Debug|Parser|Parsing string 'Nesly - Kezu '
21-5-11 08:20:34.7|Debug|Parser|Unable to parse Nesly - Kezu 
21-5-11 08:20:34.7|Debug|ParsingService|No matching series Nesly - Kezu 
21-5-11 08:20:34.7|Debug|DownloadDecisionMaker|Processing release 'ASHE 22 - Ashe Tape, Vol. 3 - ' from 'gktorrent'
21-5-11 08:20:34.7|Debug|Parser|Parsing string 'ASHE 22 - Ashe Tape, Vol. 3 - '
21-5-11 08:20:34.8|Debug|Parser|Episode Parsed. ASHE - 022 
21-5-11 08:20:34.8|Debug|Parser|Language parsed: English
21-5-11 08:20:34.8|Debug|QualityParser|Trying to parse quality for ASHE 22 - Ashe Tape, Vol. 3 - 
21-5-11 08:20:34.8|Debug|Parser|Quality parsed: Unknown v1
21-5-11 08:20:34.8|Debug|Parser|Release Group parsed: 
21-5-11 08:20:34.8|Debug|ParsingService|No matching series ASHE
21-5-11 08:20:34.8|Debug|DownloadDecisionMaker|Release rejected for the following reasons: [Permanent] Unknown Series
21-5-11 08:20:34.8|Debug|DownloadDecisionMaker|Processing release 'Le Monde du 29 Avril ' from 'gktorrent'
21-5-11 08:20:34.8|Debug|Parser|Parsing string 'Le Monde du 29 Avril '
21-5-11 08:20:34.8|Debug|Parser|Episode Parsed. Le Monde du - 029 
21-5-11 08:20:34.8|Debug|Parser|Language parsed: English
21-5-11 08:20:34.8|Debug|QualityParser|Trying to parse quality for Le Monde du 29 Avril 
